+16807815605
+13218108373
+16143342574
+19565536947
+17605729425
+18785556391
+12062485736
+15730592693
+13400488167
+16826572579
+17739384056
+13043232707
+18182317598
+16088586501
+12251692348
+17076685767
+13606314283
+18561011661
+15308535721
+14155894608
+19163341623
+16512848837
+16699223389
+12033825089
+17016501474
+15200681816
+15348730316
+19361816393
+14694455577
+14026422926
+12523779760
+14091315088
+14085814668
+13401866376
+13100545861
+19411141690
+15163257906
+13606965976
+17706555666
+19718560461
+17408128608
+14128415452
+17246068879
+15139307574
+13513899339
+12026088277
+16299263594
+12255489142
+19191986932
+13215526959
+19718257335
+16292197128
+19852740812
+14055755736
+14401390503
+19783049476
+13365811182
+15126263110
+12147323155
+18081015746
+17341120850
+18283422675
+14353541678
+17404938744
+18013644939
+17623472223
+13471327855
+12161664968
+15172317401
+16508080558
+15123922513
+19794951944
+12314961849
+16122903311
+15179205621
+14125823122
+18052546065
+15860431028
+16164302476
+13149380603
+14843149632
+19109628358
+18606800568
+16516126564
+17028576102
+16811543270
+12407895913
+18642139458
+18652297637
+12100954017
+15851185437
+18604695862
+15747245348
+12480932943
+16366644253
+14426108364
+19030089464
+12020616536
+12676031723
+12253140577
+14249364396
+19166432061
+17039473992
+12724993209
+17248414343
+14426901507
+13648266995
+18164107685
+14101187320
+16072898685
